1585037103
1585037477
1585038006
1585038545
1585039081
1585039623
1585040199
1585040631
1585041068
1585041610
1585042147
1585042707
1585043245
1585043740
1585044164
1585044658
1585045217
1585045736
1585046278
1585046817
1585047340
1585047769
1585048269
1585048801
1585049322
1585049887
1585050406
1585050944
1585051408
1585051848
1585052400
1585052928
1585053482
1585054008
1585054552
1585054991
1585055469
1585056003
1585056544
1585057072
1585057628
1585058161
1585058582
1585059084
1585059594
1585060132
1585060675
1585061219
1585061744
1585062157
1585062661
1585063185
1585063731
1585064290
1585064804
1585065342
1585065775
1585066248
1585066776
1585067327
1585067859
1585068401
1585068942
1585069356
1585069842
1585070382
1585070921
1585071471
1585072003
1585072543
1585072970
1585073443
